199639117
2253267883
593648246
756685693301104600
73584958
132981705
634150222
806006677841461200
860226589
550702035
213306735
3251132702
412389910
57001898
394720439
2367610716
460170797
598074615
71691031
1682931978
336632197
787605605452177400
133564078
3613838712
122538720
2392131450
173403974
1271750694
118393736
381773668
2289431744
704880148202410000
1640688134
712125116877049900
155516765
1934126870
3178098265
223218410
114182021
3244602870
4676884591
3279376352
2715232688
185714447
324358112
267223905
111500559
1207450490
726433014285144000
1929225127
2731804159
517698060
209574701
494838165
800240345862664200
772295427362132000
96322836
2984046332
147086960
176659230
712290099124305900
712257095827980300
2949606668
2658395035
154507692
2797886454
500852474
17668228