136851044
769870556514484200
168359766
73863859
129478484
1400090162
223480254
2788726706
439342768
169541649
151520952
84013184
2621527153
4493311
164656030
129198098
2707999447
@3a1bbf8eb148494
4902886928
2931249776
151027720
63890237
66022455
701396540498145300
199728065
1584889004
1921840512
586443483
2473228596
4419429134
60952577
120903386
3036474145
81556403
68921162
493074838
1640688134
3006849007
97323492
1259138599
146548956
2274556886
264600950
806448807969845200
213662040
340926823
457139489
739082343734857700
101987838
6566232
715400065
758622292733599700
2427209972
4486843992
157918833
126929403
91979143
579652071
306785897
1013692196
591943897
58855379
392615094
1269187650
2326285687
3266823978
66573392
3831633612
194443582
3320978826
159761323
731434336931569700
3309580183
1576975178
611870520
707204230554067000
1459349011
432281084
99687495
992518116
3006849007
54583455
1886287268
43436049
202639724